100,-1155.4580,1325.3328
200,27.6702,12.0395
300,34.0820,16.0849
400,37.4626,19.5761
500,38.1981,15.7915
600,39.3131,17.1317
700,28.4861,13.0647
800,36.2285,17.1033
900,39.0682,22.8380
1000,45.0960,23.3874
1100,41.6368,26.8391
1200,45.0544,21.7835
1300,51.0511,27.4188
1400,22.7321,7.0712
1500,39.4090,16.9359
1600,43.6976,17.4075
1700,47.6723,28.3938
1800,38.3208,18.2406
1900,50.8453,27.9734
2000,33.2429,13.8040
2100,42.7573,22.8042
2200,49.7804,22.8736
2300,48.9494,25.6473
2400,40.3166,18.0213
2500,32.4004,22.0137
2600,23.8441,5.7535
2700,46.0562,22.2106
2800,40.7109,19.2482
2900,43.2629,24.3182
3000,34.0445,16.2971
3100,57.2517,31.1437
3200,51.6118,24.5580
3300,47.3155,25.2362
3400,28.1342,13.1406
3500,27.9277,8.5923
3600,42.3497,23.4468
3700,39.6224,20.3747
3800,47.6911,25.9076
3900,38.2519,21.5133
4000,36.8870,18.9097
4100,42.8900,22.2053
4200,48.7534,30.0655
4300,52.0602,20.0645
4400,48.8799,22.3677
4500,44.4200,24.5695
4600,47.8406,29.0987
4700,24.0660,5.0726
4800,27.7934,11.5894
4900,33.5001,11.2474
5000,52.6777,25.4746
5100,47.1368,18.8449
5200,26.0372,4.9444
5300,33.0832,12.1134
5400,30.1560,9.3727
5500,44.5674,25.9713
5600,45.1988,22.9512
5700,33.0611,10.9015
5800,58.7507,25.9102
5900,46.8293,17.0459
6000,49.8240,21.5345
6100,47.6119,20.3367
6200,68.6077,27.2865
6300,51.3336,27.1008
6400,65.0085,30.1492
6500,28.6567,5.4845
6600,80.7812,33.5657
6700,65.1216,29.3350
6800,63.1700,31.8820
6900,26.7232,5.8626
7000,46.1643,24.9270
7100,94.1020,35.9270
7200,57.1626,27.2874
7300,27.7013,9.8276
7400,30.8977,10.5423
7500,60.3408,26.2239
7600,67.2308,31.6999
7700,49.8249,24.1196
7800,37.0719,12.1625
7900,82.9376,37.1316
8000,29.9595,7.1427
8100,82.1097,36.3925
8200,84.3793,34.1798
8300,83.3180,32.6204
8400,31.6696,7.4633
8500,59.4535,21.4670
8600,80.1750,29.2660
8700,27.9035,4.9506
8800,32.3244,7.3762
8900,74.1438,29.6329
9000,31.2502,7.9658
9100,94.4739,38.7941
9200,43.2296,19.0155
9300,28.1738,5.4325
9400,31.1900,5.9371
9500,33.7771,7.8837
9600,38.5551,14.0776
9700,82.8432,34.2518
9800,95.2288,31.8604
9900,91.6794,39.7867
10000,64.1919,24.1341
10100,36.7358,16.4036
10200,107.5012,38.6066
10300,113.3408,40.1565
10400,64.1581,30.8684
10500,103.4784,41.7683
10600,76.3413,33.9345
10700,34.4551,9.7036
10800,101.1726,35.4505
10900,119.9332,36.0461
11000,94.9728,35.2516
11100,119.7468,39.4411
11200,116.8934,35.0790
11300,120.9132,37.6242
11400,110.1879,30.1842
11500,89.7671,35.3801
11600,107.9803,37.4646
11700,60.6112,33.5537
11800,30.6446,6.1298
11900,45.1134,15.7266
12000,110.7930,36.8316
12100,117.1027,37.8734
12200,109.0193,42.4876
12300,33.6307,9.1804
12400,33.9078,8.6311
12500,120.1693,43.3505
12600,123.8379,40.2637
12700,94.7564,38.4264
12800,108.4144,39.8128
12900,120.9415,39.6506
13000,96.3017,33.9878
13100,63.1254,33.5101
13200,34.3199,8.2753
13300,72.5465,33.5209
13400,68.4536,29.6867
13500,33.0087,10.9210
13600,92.7429,33.3987
13700,34.9708,10.3936
13800,105.2872,35.0677
13900,91.4583,40.4706
14000,109.0410,37.3036
14100,112.0075,37.7044
14200,81.9184,39.5053
14300,110.3924,30.0670
14400,107.3525,39.7848
14500,52.8012,25.8228
14600,37.1072,12.9694
14700,89.8485,35.1653
14800,122.3569,40.6813
14900,105.4986,34.8794
15000,81.7702,36.6414
15100,93.8727,35.2720
15200,66.8185,31.5914
15300,48.5125,18.5494
15400,104.3223,34.7814
15500,121.0018,37.3668
15600,98.5160,37.6280
15700,74.6902,35.3287
15800,58.6785,27.6908
15900,34.5326,8.6929
16000,60.1980,25.9295
16100,96.5292,36.7846
16200,44.7834,19.0807
16300,29.2424,8.2001
16400,33.6786,8.1004
16500,113.8824,38.2244
16600,94.9562,36.3638
16700,41.8099,20.7144
16800,59.0372,33.8439
16900,106.3659,33.9855
17000,99.8450,35.4576
17100,122.3707,40.2809
17200,98.8777,42.1482
17300,109.6304,38.2430
17400,82.0695,35.6726
17500,83.9376,33.4064
17600,70.7149,35.8675
17700,95.7477,40.4026
17800,105.1168,38.0094
17900,115.7973,37.4819
18000,94.5602,29.4403
18100,95.0462,37.4113
18200,78.3185,42.6039
18300,71.0980,33.3806
18400,66.6143,24.0560
18500,73.2779,32.0975
18600,96.1127,34.9598
18700,76.3773,23.0846
18800,32.3058,7.5020
18900,81.8054,45.0205
19000,89.9402,38.0874
19100,99.4940,36.6963
19200,72.5044,44.5250
19300,92.4381,51.4661
19400,112.2452,37.0084
19500,110.8468,35.1448
19600,126.1017,33.8872
19700,52.7086,27.6252
19800,30.3070,6.6990
19900,30.1030,9.2036
20000,85.4997,35.2859
20100,92.4337,50.4657
20200,122.4880,31.7960
20300,56.7139,26.7233
20400,110.7025,37.4763
20500,110.4762,34.1755
20600,125.6263,40.1070
20700,127.9502,36.7594
20800,124.0967,35.1479
20900,116.1829,34.6350
21000,109.0015,31.4486
21100,125.1963,33.0014
21200,122.5974,33.6691
21300,130.6935,33.9178
21400,132.1484,35.5696
21500,126.3606,35.6648
21600,131.3812,41.2037
21700,127.9656,38.7944
21800,129.8225,37.9948
21900,125.8200,37.7258
22000,134.9990,40.0154
22100,126.9809,36.2310
22200,128.1818,38.0464
22300,125.6234,39.6949
22400,116.2824,39.8317
22500,129.6693,33.1264
22600,110.0918,38.4629
22700,72.3823,29.9943
22800,36.6364,12.0923
22900,38.4520,13.2178
23000,117.1587,42.1095
23100,103.9011,32.3216
23200,128.4910,37.5745
23300,135.1866,37.0023
23400,137.0836,36.9000
23500,127.8871,41.1615
23600,136.5770,43.1069
23700,129.6131,38.1179
23800,125.2469,37.4629
23900,134.5387,33.8817
24000,125.2749,32.6819
24100,146.7558,37.4481
24200,138.2225,37.7290
24300,134.3400,36.7318
24400,132.1923,38.4870
24500,138.4439,37.3003
24600,134.9038,39.0360
24700,137.2414,37.2310
24800,139.9316,33.5992
24900,143.5546,33.7758
25000,142.4546,36.4152
25100,145.7529,38.4176
25200,143.1183,38.3867
25300,147.6106,42.0101
25400,144.3199,38.0267
25500,138.9085,36.6009
25600,148.0415,36.3426
25700,150.8994,34.4516
25800,142.4236,39.7515
25900,153.6385,40.9175
26000,146.1796,40.6182
26100,138.1272,38.2257
26200,147.5766,38.2179
26300,149.2988,37.1548
26400,141.7968,39.9946
26500,148.4653,36.7142
26600,148.8990,40.2262
26700,151.7609,32.5996
26800,140.4397,36.9848
26900,146.1706,34.4879
27000,141.5401,37.7745
27100,146.8749,37.6213
27200,143.7575,37.6496
27300,140.8224,35.5340
27400,133.8055,38.0490
27500,148.4716,33.8622
27600,142.6799,37.1777
27700,153.9567,37.2310
27800,154.6771,37.4070
27900,148.5525,36.6723
28000,143.3462,33.0930
28100,151.4762,39.0021
28200,156.5809,34.3943
28300,151.5011,38.7526
28400,149.8759,37.6910
28500,149.8377,35.3075
28600,144.7385,41.0676
28700,152.7733,35.5208
28800,148.4067,38.7764
28900,151.3640,37.4020
29000,151.3155,34.4933
29100,146.4407,36.1192
29200,155.1186,38.1146
29300,158.1358,34.5142
29400,160.1440,41.1482
29500,147.6300,34.3975
29600,158.0899,41.9669
29700,147.4211,37.8475
29800,151.6364,35.6755
29900,152.5641,39.1043
